------------------------------------------------------------------------------------------------------------------------------------
                                 T A B L A     I N T E R M E D I A     1
------------------------------------------------------------------------------------------------------------------------------------
     -1.00,     -1.00,      0.00,      0.00,      0.00,      0.00,      1.00,      0.00,      1.00,      0.00,     -0.00
      0.00,      5.00,      1.00,      1.00,      0.00,      0.00,      0.00,      0.00,      0.00,      0.00,      0.00,     10.00
     11.00,      9.00,      0.00,      1.00,      0.00,      0.00,      0.00,      0.00,      0.00,      0.00,    198.00
     -3.00,      1.00,      0.00,      0.00,      1.00,      0.00,      0.00,      0.00,      0.00,      0.00,      0.00
      1.00,      1.00,      0.00,      0.00,      0.00,      1.00,      0.00,      0.00,      0.00,      0.00,     20.00
      1.00,      0.00,      0.00,      0.00,      0.00,      0.00,     -1.00,      1.00,      0.00,      0.00,      0.00
      0.00,      1.00,      0.00,      0.00,      0.00,      0.00,      0.00,      0.00,     -1.00,      1.00,      0.00
------------------------------------------------------------------------------------------------------------------------------------

LISTA PIVOTES:  []

------------------------------------------------------------------------------------------------------------------------------------

